27
48
0
0
4
1
1
38
8
15
1
4
63
89
70
54
2
48
4
13
48
26
98
81
0
1
35
12
63
1
77
6
3
5
60
11
2
3
27
114
8
15
4
1
7
74
3
0
0
0
1
1
8
0
351
88
0
4
1
0
0
2
0
7
34
2
2
23
2
18
0
150
16
0
124
3
2
23
12
6
6
42
1
7
73
3
16
5
76
48
0
4
4
0
7
15
7
5
182
37
66
67
6
1
2
1
4
0
49
3
0
0
19
33
69
1
25
127
112
0
10
0
8
29
6
0
9
2
1
18
0
20
2
0
0
12
32
15
0
54
3
8
5
178
33
0
6
0
7
147
24
2
0
81
384
48
11
2
30
21
0
27
4
0
22
1
74
33
0
96
1
102
1
0
2
0
38
7
11
189
51
1
0
1
8
13
63
7
163
13
100
10
3
6
0
0
0
1
0
3
1
135
3
45
33
0
8
1
33
96
14
1
2
0
1
1
25
80
56
14
0
3
37
72
1
0
13
0
63
1
0
0
56
0
1
0
2
54
2
0
56
0
14
3
12
2
0
45
45
4
0
1
19
0
1
43
36
0
61
0
0
5
0
55
0
0
4
27
2
0
0
1
14
4
7
38
6
73
4
3
13
23
19
1
0
0
4
90
21
6
1
5
8
0
15
41
117
13
15
11
83
0
10
0
7
0
10
1
3
6
6
28
14
2
10
21
43
4
0
0
4
0
174
0
1
48
1
5
4
0
6
29
9
0
17
0
10
1
0
2
13
0
0
10
9
0
85
0
13
24
27
4
3
1
2
2
9
3
0
2
24
2
216
1
3
0
8
6
0
3
31
0
2
39
0
0
56
14
6
2
7
1
14
6
6
0
170
2
79
17
33
1
33
98
0
45
1
0
66
1
5
50
1
2
94
17
1
1
17
39
1
0
0
2
8
8
125
26
3
6
5
11
0
3
0
4
12
7
3
0
87
34
0
160
0
33
1
18
5
7
78
15
15
17
1
36
0
7
40
2
12
8
34
179
0
0
0
0
0
110
57
1
0
0
57
5
89
112
68
3
3
60
0
1
17
0
79
0
38
72
23
0
127
42
0
0
2
3
92
87
2
132
171
4
103
3
1
21
7
10
35
1
19
6
5
1
4
57
1
0
8
151
2
103
34
1
16
4
43
0
6
0
1
126
7
0
5
0
0
4
0
10
0
2
145
40
2
7
86
3
7
1
1
27
0
0
141
6
7
10
6
0
5
2
6
39
0
0
56
44
74
14
88
75
0
91
22
89
0
117
0
37
32
104
60
0
48
5
68
5
0
0
13
3
91
0
20
21
43
12
85
0
0
0
2
40
7
5
0
15
2
28
11
102
10
0
0
0
56
27
0
77
4
5
116
1
11
97
15
43
23
6
78
1
4
10
0
1
0
0
37
1
0
74
6
0
28
0
0
43
283
162
2
170
22
4
33
14
24
70
1
15
5
1
1
0
4
0
22
39
18
22
0
132
0
1
7
5
111
1
8
0
0
2
89
98
36
0
8
3
11
1
6
3
8
2
106
44
2
1
9
0
43
18
0
1
0
0
68
1
1
18
41
2
1
0
0
5
4
0
21
59
7
30
5
1
1
2
0
2
7
3
0
0
14
117
62
0
256
11
11
2
0
0
14
32
46
1
6
1
130
0
27
3
3
0
14
0
5
0
0
0
0
142
41
141
1
1
0
5
2
142
13
65
78
8
53
17
0
0
2
30
86
4
115
2
53
46
39
1
105
44
0
7
0
34
37
34
0
3
13
34
61
1
0
13
2
145
1
1
17
36
25
2
15
34
35
8
14
77
7
2
30
29
21
55
54
111
3
4
3
40
21
72
2
123
3
15
21
37
8
0
3
1
104
11
50
30
26
4
6
12
41
0
0
1
11
1
3
3
62
44
0
45
468
122
20
4
7
23
9
28
2
9
37
0
0
1
9
5
5
21
14
17
6
5
0
138
20
142
17
13
42
1
79
39
5
2
3
1
6
119
23
4
35
3
19
13
14
95
21
0
5
22
0
0
40
41
44
1
5
1
11
6
5
22
0
15
115
3
30
43
0
0
5
2
61
0
2
25
2
46
20
46
114
91
21
18
1
18
95
16
46
58
2
19
18
0
27
36
3
57
79
3
11
96
0
7
16
3
63
6
245
12
10
81
64
15
0
4
50
68
42
24
8
0
11
2
75
150
68
20
2
2
0
0
1
38
15
81
10
9
40
6
15
82
0
23
0
212
20
0
16
27
2
3
29
74
28
22
0
0
31
1
20
0
1
1
2
17
48
0
2
19
2
13
0
25
2
1
32
0
0
3
0
30
76
15
0
32
225
2
0
9
89
1
104
109
35
0
363
42
57
47
104
0
9
8
0
3
35
16
95
2
38
0
42
6
50
9
14
10
0
4
2
12
6
2
1
7
71
15
10
3
14
52
3
31
1
3
51
42
11
0
43
19
2
0
2
3
219
3
55
46
15
16
0
70
16
0
0
208
25
10
20
5
26
0
2
0
61
36
17
7
46
24
5
15
3
22
68
0
27
29
97
2
0
0
10
15
18
0
0
21
2
17
0
33
7
74
0
81
229
23
5
5
1
8
28
1
46
50
41
82
6
36
9
17
2
3
4
93
0
0
3
3
81
1
143
7
0
1
3
3
102
4
58
2
2
2
128
38
3
11
39
4
16
3
11
42
14
34
4
2
10
3
14
1
154
20
21
13
4
55
87
11
62
27
7
22
32
78
114
6
4
19
26
0
13
0
100
99
1
4
0
59
8
18
16
6
0
3
0
32
236
85
1
0
8
84
39
15
17
22
11
18
18
12
1
4
3
4
4
13
1
17
2
13
35
122
12
0
3
19
31
16
92
14
2
19
1
17
0
0
0
17
22
9
1
15
1
0
34
0
19
42
1
17
0
7
22
2
4
1
5
123
5
15
22
13
0
0
30
2
7
2
114
16
3
52
41
5
8
0
91
17
0
81
73
114
1
6
26
33
9
1
42
8
31
3
2
4
1
8
20
40
0
43
6
5
59
46
1
3
3
14
33
0
18
73
3
36
0
36
2
8
4
4
25
0
15
18
14
45
17
0
1
6
4
8
58
13
16
114
2
0
17
4
21
41
2
46
2
30
11
14
1
2
38
0
40
28
10
10
1
19
21
82
16
56
51
24
31
38
3
3
6
44
15
23
20
20
28
0
26
17
93
1
80
72
18
22
3
3
37
19
204
23
46
2
24
3
0
18
30
16
4
1
19
3
12
0
0
3
46
18
12
9
80
13
172
0
131
0
0
0
1
3
4
2
18
15
18
1
26
14
14
108
220
0
1
56
0
2
3
3
19
1
22
1
