12
5
0
0
1
0
1
19
0
1
0
1
48
27
16
29
1
19
1
0
10
7
69
34
0
0
22
2
24
1
41
1
2
2
54
2
2
2
27
26
2
5
0
1
4
21
2
0
0
0
1
1
6
0
264
0
0
0
1
0
0
2
0
4
33
0
2
0
0
0
0
77
4
0
50
1
0
23
3
0
2
5
1
0
57
3
5
5
50
8
0
1
0
0
2
15
6
1
86
6
4
63
0
1
2
1
4
0
12
1
0
0
1
29
40
0
0
47
75
0
0
0
2
1
0
0
9
1
0
15
0
0
2
0
0
6
2
1
0
19
2
2
2
72
33
0
0
0
0
100
1
0
0
81
338
26
2
1
27
3
0
9
0
0
5
0
32
9
0
91
1
66
0
0
0
0
0
1
2
118
8
0
0
0
3
13
32
1
101
1
33
8
1
4
0
0
0
0
0
3
0
44
1
18
9
0
0
0
8
70
0
0
2
0
1
0
0
46
0
6
0
1
1
15
0
0
7
0
28
0
0
0
56
0
0
0
2
3
0
0
10
0
3
0
10
2
0
45
25
0
0
1
1
0
0
8
0
0
11
0
0
0
0
14
0
0
1
12
1
0
0
1
4
0
5
38
0
23
2
1
1
6
6
0
0
0
1
33
2
0
1
5
0
0
6
0
109
2
4
4
80
0
1
0
0
0
1
0
0
4
3
25
3
2
0
6
3
4
0
0
1
0
165
0
0
11
0
0
3
0
2
6
4
0
9
0
5
0
0
0
7
0
0
0
2
0
42
0
9
3
16
0
1
1
0
0
1
2
0
2
10
0
101
0
0
0
8
0
0
1
27
0
0
30
0
0
14
0
3
1
1
0
0
1
0
0
39
0
39
0
26
1
10
59
0
34
1
0
30
0
4
26
0
2
87
1
1
1
2
3
1
0
0
0
2
0
52
2
0
2
0
3
0
2
0
2
3
0
3
0
51
24
0
115
0
9
0
6
2
2
61
15
15
1
0
33
0
1
13
1
1
4
25
39
0
0
0
0
0
44
37
1
0
0
33
2
35
42
5
0
3
28
0
0
5
0
24
0
5
48
2
0
117
12
0
0
1
3
45
67
1
50
123
1
69
0
1
8
0
9
5
0
5
0
1
0
1
10
0
0
0
20
2
103
3
0
12
0
38
0
2
0
1
17
0
0
2
0
0
4
0
2
0
1
113
7
0
1
62
0
4
1
0
24
0
0
96
6
5
6
5
0
2
1
0
6
0
0
7
9
31
2
76
72
0
41
3
6
0
66
0
33
3
43
45
0
39
2
47
1
0
0
1
2
32
0
7
20
16
1
75
0
0
0
2
12
3
1
0
4
0
4
10
22
2
0
0
0
56
3
0
6
0
0
44
0
0
3
1
4
23
3
64
0
2
0
0
0
0
0
2
1
0
61
0
0
21
0
0
29
269
141
0
88
4
0
1
6
20
59
1
0
3
1
1
0
0
0
2
12
6
17
0
82
0
1
1
0
62
0
6
0
0
1
33
36
32
0
5
1
2
1
0
1
0
2
104
6
1
1
0
0
37
2
0
0
0
0
6
1
0
2
14
0
0
0
0
1
0
0
0
52
3
19
0
0
1
2
0
1
1
0
0
0
2
75
36
0
201
6
4
0
0
0
3
9
16
1
0
0
113
0
4
2
2
0
1
0
0
0
0
0
0
73
1
128
0
1
0
0
0
70
6
51
4
4
41
6
0
0
0
7
25
0
46
1
9
12
39
1
35
36
0
2
0
27
7
4
0
0
2
32
19
1
0
2
0
145
1
1
4
34
17
0
7
6
2
1
1
76
0
1
6
15
2
6
46
58
3
2
2
30
4
18
2
96
0
7
6
30
4
0
2
1
56
0
30
12
9
1
3
6
13
0
0
0
2
1
3
0
10
1
0
43
212
38
1
3
1
4
1
27
1
1
17
0
0
1
9
1
5
21
2
6
1
1
0
122
11
19
9
2
36
0
66
0
1
2
3
0
1
62
14
2
9
0
9
12
7
8
11
0
3
9
0
0
10
40
5
1
1
0
11
2
1
2
0
1
84
0
1
10
0
0
0
1
8
0
2
11
0
41
14
8
18
65
4
5
1
1
87
1
6
51
2
8
0
0
27
18
0
52
9
3
5
26
0
6
6
1
56
3
240
9
3
27
40
3
0
1
44
30
33
7
1
0
0
2
75
59
21
6
2
0
0
0
1
28
9
81
8
1
13
0
10
82
0
0
0
102
14
0
2
0
2
1
11
69
7
4
0
0
21
0
2
0
1
0
2
1
43
0
0
3
0
5
0
9
2
1
3
0
0
3
0
9
35
2
0
7
157
2
0
2
78
1
14
66
24
0
277
16
28
4
76
0
1
1
0
1
2
4
55
2
13
0
42
3
47
7
12
2
0
0
2
2
1
0
0
4
49
2
0
1
4
52
1
5
1
1
25
21
5
0
40
0
2
0
2
3
106
2
6
6
10
1
0
10
2
0
0
181
0
8
0
2
0
0
0
0
57
36
12
4
3
10
0
3
1
6
1
0
6
29
11
2
0
0
10
0
5
0
0
9
2
5
0
33
1
44
0
44
201
5
0
5
1
8
27
1
5
6
9
64
2
11
3
0
1
3
0
51
0
0
1
0
15
1
136
0
0
1
1
3
23
1
5
1
0
2
66
8
0
2
7
3
16
1
3
3
10
6
1
0
6
2
5
0
95
8
4
0
1
14
29
0
32
11
5
10
9
37
60
3
1
2
4
0
5
0
41
76
1
0
0
4
0
3
0
5
0
1
0
9
221
12
0
0
1
56
36
1
2
5
5
15
2
3
0
3
0
1
0
4
1
7
0
9
13
117
5
0
0
5
7
1
65
3
1
2
1
0
0
0
0
0
9
1
0
3
0
0
33
0
7
12
1
11
0
1
16
0
0
1
2
120
1
6
5
4
0
0
0
0
1
0
80
5
0
8
8
2
5
0
46
0
0
46
4
113
1
1
1
9
0
1
38
5
8
2
0
0
1
3
1
23
0
32
5
3
11
12
1
0
0
12
24
0
6
33
0
3
0
5
0
1
1
1
8
0
6
5
6
15
0
0
1
2
1
8
17
0
1
11
1
0
3
0
8
36
2
27
1
6
4
2
0
0
32
0
14
4
1
2
0
5
1
22
7
0
19
1
9
8
1
1
6
40
2
7
4
9
7
0
3
4
24
1
48
39
0
4
2
0
19
8
187
7
0
0
8
2
0
4
14
2
4
1
1
0
1
0
0
3
45
3
3
4
31
4
106
0
107
0
0
0
1
2
2
2
3
7
1
1
10
4
3
81
139
0
0
11
0
0
1
2
4
0
14
0
